0.2741228070175439
[0.00793651 0.00793651 0.02362205 0.1496063  0.00793651 0.00793651
 0.00793651 0.15625    0.00793651 0.01574803 0.00793651 1.01538462
 0.1171875  0.00793651 0.00793651 0.02362205 0.00793651 0.00793651
 0.00793651 0.00793651 0.09375    0.00793651 0.00793651 0.1496063
 0.03937008 0.00793651 0.00793651 0.1023622  0.00793651 0.01574803
 0.00793651 0.13385827 0.03937008 0.03937008 0.02362205 0.0703125
 0.00793651 0.02362205 0.00793651 0.07086614 0.00793651 0.01574803
 0.00793651 0.19685039 0.00793651 0.00793651 0.00793651 0.00793651
 0.00793651 0.00793651 0.00793651 0.01574803 0.00793651 0.00793651
 0.13385827 0.00793651 0.00793651 0.00793651 0.00793651 0.00793651
 0.00793651 0.00793651 0.02362205 0.02362205 0.03149606 0.02362205
 0.00793651 0.00793651 0.00793651 0.00793651 0.09448819 0.07874016
 0.02362205 0.06299213 0.07874016 0.06299213 0.00793651 0.00793651
 0.00793651 0.01574803 0.00793651 0.04724409 0.1496063  0.11023622
 0.09448819 0.03149606 0.01574803 0.02362205 0.08661417 0.04724409
 0.11811024 0.03937008 0.06299213 0.01574803 0.00793651 0.01574803
 0.00793651 0.01574803 0.00793651 0.00793651 0.08661417 0.01574803
 0.00793651 0.00793651 0.00793651 0.00793651 0.00793651 0.03937008
 0.01574803 0.00793651 0.03937008 0.03937008 0.04724409 0.00793651
 0.07086614 0.02362205 0.00793651 0.00793651 0.00793651 0.00793651
 0.01574803 0.00793651 0.00793651 0.17322835 0.01574803 0.23622047
 0.00793651 0.00793651 0.00793651 0.01574803 0.00793651 0.00793651
 0.00793651 0.00793651 0.00793651 0.00793651 0.00793651 0.00793651
 0.03149606 0.01574803 0.01574803 0.02362205 0.02362205 0.02362205
 0.03149606 0.01574803 0.03937008 0.02362205 0.01574803 0.00793651
 0.00793651 0.00793651 0.00793651 0.00793651 0.00793651 0.00793651
 0.00793651 0.00793651 0.00793651 0.01574803 0.00793651 0.00793651
 0.00793651 0.00793651 0.00793651 0.00793651 0.00793651 0.00793651
 0.00793651 0.01574803 0.03149606 0.01574803 0.02362205 0.00793651
 0.00793651 0.01574803 0.02362205 0.00793651 0.00793651 0.00793651
 0.00793651 0.00793651 0.00793651 0.00793651 0.00793651 0.01574803
 0.00793651 0.03149606 0.00793651 0.00793651 0.00793651 0.00793651
 0.00793651 0.00793651 0.00793651 0.00793651 0.00793651 0.00793651
 0.01574803 0.00793651 0.00793651 0.00793651 0.1023622  0.02362205
 0.01574803 0.01574803 0.02362205 0.01574803 0.01574803 0.01574803
 0.00793651 0.02362205 0.00793651 0.00793651 0.00793651 0.00793651
 0.00793651 0.00793651 0.00793651 0.00793651 0.01574803 0.03149606
 0.00793651 0.00793651 0.00793651 0.00793651 0.00793651 0.02362205
 0.02362205 0.00793651 0.00793651 0.00793651 0.00793651 0.01574803
 0.00793651 0.00793651 0.00793651 0.00793651 0.00793651 0.00793651
 0.00793651 0.02362205 0.00793651 0.02362205 0.02362205 0.00793651
 0.00793651 0.02362205 0.03149606 0.05511811 0.00793651 0.00793651
 0.00793651 0.00793651 0.00793651 0.01574803 0.04724409 0.04724409
 0.03149606 0.00793651 0.01574803 0.00793651 0.00793651 0.00793651
 0.00793651 0.01574803 0.00793651 0.00793651 0.02362205 0.00793651
 0.00793651 0.00793651 0.00793651 0.00793651 0.01574803 0.00793651
 0.00793651 0.01574803 0.00793651 0.02362205 0.03937008 0.02362205
 0.01574803 0.00793651 0.00793651 0.00793651 0.00793651 0.00793651
 0.00793651 0.00793651 0.00793651 0.00793651 0.00793651 0.0234375
 0.00793651 0.00793651 0.00793651 0.00793651 0.00793651 0.00793651
 0.03937008 0.02362205 0.02362205 0.00793651 0.00793651 0.00793651
 0.00793651 0.00793651 0.00793651 0.00793651 0.05511811 0.03937008
 0.00793651 0.00793651 0.02362205 0.00793651 0.00793651 0.03937008
 0.00793651 0.00793651 0.00793651 0.00793651 0.00793651 0.00793651
 0.00793651 0.00793651 0.00793651 0.00793651 0.00793651 0.00793651
 0.00793651 0.01574803 0.03149606 0.00793651 0.00793651 0.00793651
 0.00793651 0.00793651 0.00793651 0.00793651 0.00793651 0.00793651
 0.00793651 0.00793651 0.00793651 0.00793651 0.00793651 0.01574803
 0.00793651 0.00793651 0.00793651 0.00793651 0.00793651 0.01574803
 0.00793651 0.02362205 0.00793651 0.00793651 0.01574803 0.00793651
 0.01574803 0.02362205 0.01574803 0.00793651 0.00793651 0.00793651
 0.00793651 0.00793651 0.00793651 0.00793651 0.00793651 0.00793651
 0.00793651 0.00793651 0.00793651 0.00793651 0.00793651 0.02362205
 0.02362205 0.00793651 0.00793651 0.02362205 0.01574803 0.00793651
 0.00793651 0.00793651 0.00793651 0.00793651 0.00793651 0.00793651
 0.00793651 0.00793651 0.00793651 0.01574803 0.00793651 0.00793651
 0.00793651 0.00793651 0.00793651 0.00793651 0.01574803 0.00793651
 0.01574803 0.00793651 0.00793651 0.00793651 0.00793651 0.01574803
 0.04724409 0.00793651 0.02362205 0.00793651 0.02362205 0.00793651
 0.00793651 0.00793651 0.00793651 0.00793651 0.00793651 0.00793651
 0.00793651 0.00793651 0.00793651 0.01574803 0.01574803 0.01574803
 0.02362205 0.02362205 0.00793651 0.00793651 0.00793651 0.00793651
 0.00793651 0.00793651 0.00793651 0.00793651 0.00793651 0.02362205
 0.03149606 0.00793651 0.00793651 0.00793651 0.00793651 0.00793651
 0.00793651 0.00793651 0.00793651 0.00793651 0.00793651 0.00793651
 0.02362205 0.00793651 0.00793651 0.01574803 0.02362205 0.01574803
 0.02362205 0.00793651 0.00793651 0.00793651 0.00793651 0.00793651
 0.00793651 0.00793651 0.01574803 0.00793651 0.00793651 0.00793651
 0.00793651 0.00793651 0.00793651 0.00793651 0.00793651 0.00793651
 0.00793651 0.00793651 0.01574803 0.00793651 0.00793651 0.00793651
 0.00793651 0.00793651 0.00793651 0.00793651 0.00793651 0.00793651
 0.00793651 0.00793651 0.00793651 0.00793651 0.00793651 0.00793651
 0.02362205 0.00793651 0.00793651 0.00793651 0.00793651 0.00793651
 0.00793651 0.00793651 0.00793651 0.01574803 0.00793651 0.00793651
 0.00793651 0.00793651 0.02362205 0.02362205 0.00793651 0.00793651
 0.00793651 0.00793651 0.00793651 0.00793651 0.00793651 0.00793651
 0.00793651 0.00793651 0.00793651 0.00793651 0.00793651 0.01574803
 0.00793651 0.00793651 0.00793651 0.00793651]
[0.01201201 0.00900901 0.00900901 0.10233918 0.07738095 0.05952381
 0.15204678 0.46721311 0.09253731 0.06547619 0.02402402 0.33595801
 0.21551724 0.01796407 0.01201201 0.19186047 0.01201201 0.03303303
 0.01201201 0.01801802 0.11111111 0.00900901 0.00900901 0.01801802
 0.00301205 0.01501502 0.08928571 0.10588235 0.00900901 0.04477612
 0.00900901 0.37096774 0.07121662 0.00898204 0.00301205 0.13333333
 0.01501502 0.07352941 0.00900901 0.44602273 0.08579882 0.02102102
 0.03303303 0.17663818 0.00900901 0.03283582 0.01801802 0.02095808
 0.00900901 0.07784431 0.01801802 0.04776119 0.01201201 0.01501502
 0.16959064 0.01801802 0.01801802 0.03892216 0.01501502 0.00900901
 0.07185629 0.01201201 0.05988024 0.00898204 0.00301205 0.00301205
 0.03880597 0.01201201 0.02694611 0.02102102 0.00301205 0.04360465
 0.00301205 0.0297619  0.0119403  0.01780415 0.07624633 0.04166667
 0.03293413 0.01197605 0.00900901 0.03880597 0.01796407 0.01492537
 0.24216524 0.00301205 0.00600601 0.00301205 0.00600601 0.00301205
 0.12058824 0.00301205 0.01801802 0.01796407 0.08630952 0.08928571
 0.00900901 0.01796407 0.00900901 0.01501502 0.12356322 0.05688623
 0.00900901 0.01801802 0.00900901 0.01501502 0.0748503  0.1202346
 0.04776119 0.0238806  0.02702703 0.01497006 0.00898204 0.02102102
 0.0358209  0.04491018 0.04804805 0.09677419 0.03880597 0.02686567
 0.09763314 0.02702703 0.01501502 0.0297619  0.05357143 0.00900901
 0.01501502 0.01201201 0.00900901 0.02095808 0.00900901 0.00900901
 0.00900901 0.04804805 0.01201201 0.01201201 0.02102102 0.00900901
 0.00600601 0.00900901 0.00600601 0.00900901 0.00301205 0.04451039
 0.00301205 0.0239521  0.00600601 0.0625     0.01492537 0.01201201
 0.00900901 0.04477612 0.01801802 0.01801802 0.03892216 0.04464286
 0.00900901 0.01501502 0.00900901 0.00600601 0.00900901 0.00900901
 0.01501502 0.01801802 0.01501502 0.04790419 0.03293413 0.0239521
 0.00900901 0.04204204 0.00600601 0.00900901 0.00600601 0.00900901
 0.02402402 0.04477612 0.01497006 0.02102102 0.00900901 0.02402402
 0.01201201 0.01201201 0.02402402 0.01201201 0.01201201 0.00600601
 0.01796407 0.09495549 0.00900901 0.01201201 0.04790419 0.00900901
 0.00900901 0.00900901 0.03003003 0.01201201 0.01201201 0.00898204
 0.01492537 0.03003003 0.00900901 0.00900901 0.00301205 0.05014749
 0.00900901 0.00600601 0.00301205 0.03003003 0.00600601 0.00600601
 0.02686567 0.06567164 0.00900901 0.00900901 0.01801802 0.00900901
 0.00900901 0.01201201 0.01501502 0.00900901 0.00600601 0.00600601
 0.02102102 0.00900901 0.02095808 0.01501502 0.02102102 0.00301205
 0.00600601 0.00900901 0.00900901 0.01801802 0.00900901 0.03892216
 0.01201201 0.01201201 0.00900901 0.00900901 0.01201201 0.0739645
 0.01201201 0.06306306 0.00900901 0.02089552 0.02694611 0.01501502
 0.02102102 0.00301205 0.01785714 0.01501502 0.00900901 0.01201201
 0.00900901 0.00900901 0.01197605 0.00900901 0.00900901 0.00301205
 0.00301205 0.01201201 0.00900901 0.01501502 0.01201201 0.00900901
 0.01201201 0.00898204 0.00900901 0.00900901 0.00600601 0.01197605
 0.00900901 0.00900901 0.00900901 0.00900901 0.00900901 0.01801802
 0.01197605 0.01796407 0.02402402 0.02102102 0.00301205 0.00301205
 0.00900901 0.01801802 0.01201201 0.02095808 0.00900901 0.01201201
 0.00900901 0.00900901 0.01201201 0.02402402 0.01501502 0.03592814
 0.01201201 0.00900901 0.00900901 0.02402402 0.00900901 0.00900901
 0.02678571 0.00301205 0.01796407 0.00900901 0.01501502 0.02702703
 0.03283582 0.00900901 0.01201201 0.00900901 0.00301205 0.00301205
 0.0239521  0.00898204 0.01501502 0.00900901 0.0297619  0.01197605
 0.00900901 0.01201201 0.01796407 0.00900901 0.02402402 0.00900901
 0.00900901 0.00900901 0.00900901 0.0239521  0.02694611 0.02994012
 0.01801802 0.00600601 0.00301205 0.00900901 0.01201201 0.00900901
 0.01796407 0.02402402 0.00900901 0.00900901 0.02678571 0.00900901
 0.01201201 0.00900901 0.01780415 0.0119403  0.00898204 0.01796407
 0.01197605 0.01501502 0.00900901 0.00900901 0.01501502 0.00900901
 0.00900901 0.00301205 0.01201201 0.03283582 0.00600601 0.00900901
 0.00600601 0.00900901 0.00600601 0.00900901 0.00900901 0.01801802
 0.01201201 0.03264095 0.01501502 0.00900901 0.00898204 0.00898204
 0.00900901 0.00898204 0.00900901 0.00900901 0.00900901 0.00301205
 0.01801802 0.01501502 0.01201201 0.00301205 0.00600601 0.01801802
 0.00900901 0.03283582 0.00900901 0.00900901 0.00900901 0.00900901
 0.01497006 0.00900901 0.00900901 0.00898204 0.00900901 0.01201201
 0.00900901 0.00900901 0.01501502 0.01201201 0.01201201 0.01201201
 0.00900901 0.00900901 0.02089552 0.00900901 0.01201201 0.00600601
 0.00600601 0.01201201 0.00301205 0.00900901 0.00301205 0.00900901
 0.01197605 0.00900901 0.02702703 0.0239521  0.00900901 0.01497006
 0.01497006 0.00900901 0.00900901 0.00600601 0.00900901 0.00900901
 0.00301205 0.00301205 0.02102102 0.00900901 0.01497006 0.01801802
 0.01501502 0.01201201 0.01201201 0.01497006 0.00900901 0.0119403
 0.00600601 0.02702703 0.00900901 0.01501502 0.01201201 0.01201201
 0.00898204 0.00900901 0.00900901 0.00900901 0.01201201 0.00900901
 0.00301205 0.01791045 0.01201201 0.00900901 0.00301205 0.00900901
 0.00600601 0.01201201 0.00900901 0.00900901 0.00900901 0.00900901
 0.00900901 0.00900901 0.00600601 0.00900901 0.01201201 0.01501502
 0.00900901 0.00900901 0.00900901 0.00900901 0.01201201 0.00900901
 0.01197605 0.00900901 0.00600601 0.01197605 0.00898204 0.00900901
 0.00900901 0.00900901 0.01488095 0.00900901 0.0119403  0.00900901
 0.00900901 0.00900901 0.00898204 0.00900901 0.01197605 0.00900901
 0.01197605 0.00900901 0.01201201 0.01201201 0.00900901 0.00900901
 0.01501502 0.00898204 0.00900901 0.00600601 0.00900901 0.01201201
 0.00900901 0.00900901 0.00301205 0.00301205 0.01201201 0.01201201
 0.00900901 0.00900901 0.00900901 0.00898204 0.00898204 0.00898204
 0.00898204 0.00900901 0.0119403  0.00900901 0.01497006 0.00600601
 0.00900901 0.00898204 0.00900901 0.00900901]
